400.000
401.000
402.000
403.000
404.000
405.000
406.000
407.000
408.000
409.000
410.000
411.000
412.000
413.000
414.000
415.000
416.000
417.000
418.000
419.000
420.000
526.000
527.000
528.000
529.000
530.000
531.000
532.000
533.000
534.000
535.000
536.000
537.000
538.000
539.000
540.000
541.000
542.000
543.000
544.000
545.000
546.000
673.000
674.000
675.000
676.000
677.000
678.000
679.000
680.000
681.000
682.000
683.000
684.000
685.000
686.000
687.000
688.000
689.000
690.000
691.000
692.000
693.000
694.000
695.000
696.000
697.000
698.000
699.000
700.000
701.000
702.000
703.000
704.000
705.000
706.000
707.000
708.000
709.000
710.000
711.000
712.000
713.000
714.000
757.000
758.000
759.000
760.000
761.000
762.000
763.000
764.000
765.000
766.000
767.000
768.000
769.000
770.000
771.000
772.000
773.000
774.000
775.000
776.000
777.000
841.000
842.000
843.000
844.000
845.000
846.000
847.000
848.000
849.000
850.000
851.000
852.000
853.000
854.000
855.000
856.000
857.000
858.000
859.000
860.000
861.000
904.000
905.000
906.000
907.000
908.000
909.000
910.000
911.000
912.000
913.000
914.000
915.000
916.000
917.000
918.000
919.000
920.000
921.000
922.000
923.000
924.000
925.000
926.000
927.000
928.000
929.000
930.000
931.000
932.000
933.000
934.000
935.000
936.000
937.000
938.000
939.000
940.000
941.000
942.000
943.000
944.000
945.000
988.000
989.000
990.000
991.000
992.000
993.000
994.000
995.000
996.000
997.000
998.000
999.000
1000.000
1001.000
1002.000
1003.000
1004.000
1005.000
1006.000
1007.000
1008.000
1282.000
1283.000
1284.000
1285.000
1286.000
1287.000
1288.000
1289.000
1290.000
1291.000
1292.000
1293.000
1294.000
1295.000
1296.000
1297.000
1298.000
1299.000
1300.000
1301.000
1302.000
1345.000
1346.000
1347.000
1348.000
1349.000
1350.000
1351.000
1352.000
1353.000
1354.000
1355.000
1356.000
1357.000
1358.000
1359.000
1360.000
1361.000
1362.000
1363.000
1364.000
1365.000
1366.000
1367.000
1368.000
1369.000
1370.000
1371.000
1372.000
1373.000
1374.000
1375.000
1376.000
1377.000
1378.000
1379.000
1380.000
1381.000
1382.000
1383.000
1384.000
1385.000
1386.000
1387.000
1388.000
1389.000
1390.000
1391.000
1392.000
1393.000
1394.000
1395.000
1396.000
1397.000
1398.000
1399.000
1400.000
1401.000
1402.000
1403.000
1404.000
1405.000
1406.000
1407.000
1408.000
1409.000
1410.000
1411.000
1412.000
1413.000
1414.000
1415.000
1416.000
1417.000
1418.000
1419.000
1420.000
1421.000
1422.000
1423.000
1424.000
1425.000
1426.000
1427.000
1428.000
1471.000
1472.000
1473.000
1474.000
1475.000
1476.000
1477.000
1478.000
1479.000
1480.000
1481.000
1482.000
1483.000
1484.000
1485.000
1486.000
1487.000
1488.000
1489.000
1490.000
1491.000
1555.000
1556.000
1557.000
1558.000
1559.000
1560.000
1561.000
1562.000
1563.000
1564.000
1565.000
1566.000
1567.000
1568.000
1569.000
1570.000
1571.000
1572.000
1573.000
1574.000
1575.000
1639.000
1640.000
1641.000
1642.000
1643.000
1644.000
1645.000
1646.000
1647.000
1648.000
1649.000
1650.000
1651.000
1652.000
1653.000
1654.000
1655.000
1656.000
1657.000
1658.000
1659.000
1681.000
1682.000
1683.000
1684.000
1685.000
1686.000
1687.000
1688.000
1689.000
1690.000
1691.000
1692.000
1693.000
1694.000
1695.000
1696.000
1697.000
1698.000
1699.000
1700.000
1701.000
1723.000
1724.000
1725.000
1726.000
1727.000
1728.000
1729.000
1730.000
1731.000
1732.000
1733.000
1734.000
1735.000
1736.000
1737.000
1738.000
1739.000
1740.000
1741.000
1742.000
1743.000
1849.000
1850.000
1851.000
1852.000
1853.000
1854.000
1855.000
1856.000
1857.000
1858.000
1859.000
1860.000
1861.000
1862.000
1863.000
1864.000
1865.000
1866.000
1867.000
1868.000
1869.000
1891.000
1892.000
1893.000
1894.000
1895.000
1896.000
1897.000
1898.000
1899.000
1900.000
1901.000
1902.000
1903.000
1904.000
1905.000
1906.000
1907.000
1908.000
1909.000
1910.000
1911.000
2080.000
2081.000
2082.000
2083.000
2084.000
2085.000
2086.000
2087.000
2088.000
2089.000
2090.000
2091.000
2092.000
2093.000
2094.000
2095.000
2096.000
2097.000
2098.000
2099.000
2100.000
2143.000
2144.000
2145.000
2146.000
2147.000
2148.000
2149.000
2150.000
2151.000
2152.000
2153.000
2154.000
2155.000
2156.000
2157.000
2158.000
2159.000
2160.000
2161.000
2162.000
2163.000
2185.000
2186.000
2187.000
2188.000
2189.000
2190.000
2191.000
2192.000
2193.000
2194.000
2195.000
2196.000
2197.000
2198.000
2199.000
2200.000
2201.000
2202.000
2203.000
2204.000
2205.000
2206.000
2207.000
2208.000
2209.000
2210.000
2211.000
2212.000
2213.000
2214.000
2215.000
2216.000
2217.000
2218.000
2219.000
2220.000
2221.000
2222.000
2223.000
2224.000
2225.000
2226.000
2227.000
2228.000
2229.000
2230.000
2231.000
2232.000
2233.000
2234.000
2235.000
2236.000
2237.000
2238.000
2239.000
2240.000
2241.000
2242.000
2243.000
2244.000
2245.000
2246.000
2247.000
2290.000
2291.000
2292.000
2293.000
2294.000
2295.000
2296.000
2297.000
2298.000
2299.000
2300.000
2301.000
2302.000
2303.000
2304.000
2305.000
2306.000
2307.000
2308.000
2309.000
2310.000
2353.000
2354.000
2355.000
2356.000
2357.000
2358.000
2359.000
2360.000
2361.000
2362.000
2363.000
2364.000
2365.000
2366.000
2367.000
2368.000
2369.000
2370.000
2371.000
2372.000
2373.000
2416.000
2417.000
2418.000
2419.000
2420.000
2421.000
2422.000
2423.000
2424.000
2425.000
2426.000
2427.000
2428.000
2429.000
2430.000
2431.000
2432.000
2433.000
2434.000
2435.000
2436.000
