421.000
422.000
423.000
424.000
425.000
426.000
427.000
428.000
429.000
430.000
431.000
432.000
433.000
434.000
435.000
436.000
437.000
438.000
439.000
440.000
441.000
463.000
464.000
465.000
466.000
467.000
468.000
469.000
470.000
471.000
472.000
473.000
474.000
475.000
476.000
477.000
478.000
479.000
480.000
481.000
482.000
483.000
526.000
527.000
528.000
529.000
530.000
531.000
532.000
533.000
534.000
535.000
536.000
537.000
538.000
539.000
540.000
541.000
542.000
543.000
544.000
545.000
546.000
547.000
548.000
549.000
550.000
551.000
552.000
553.000
554.000
555.000
556.000
557.000
558.000
559.000
560.000
561.000
562.000
563.000
564.000
565.000
566.000
567.000
631.000
632.000
633.000
634.000
635.000
636.000
637.000
638.000
639.000
640.000
641.000
642.000
643.000
644.000
645.000
646.000
647.000
648.000
649.000
650.000
651.000
652.000
653.000
654.000
655.000
656.000
657.000
658.000
659.000
660.000
661.000
662.000
663.000
664.000
665.000
666.000
667.000
668.000
669.000
670.000
671.000
672.000
673.000
674.000
675.000
676.000
677.000
678.000
679.000
680.000
681.000
682.000
683.000
684.000
685.000
686.000
687.000
688.000
689.000
690.000
691.000
692.000
693.000
694.000
695.000
696.000
697.000
698.000
699.000
700.000
701.000
702.000
703.000
704.000
705.000
706.000
707.000
708.000
709.000
710.000
711.000
712.000
713.000
714.000
988.000
989.000
990.000
991.000
992.000
993.000
994.000
995.000
996.000
997.000
998.000
999.000
1000.000
1001.000
1002.000
1003.000
1004.000
1005.000
1006.000
1007.000
1008.000
1051.000
1052.000
1053.000
1054.000
1055.000
1056.000
1057.000
1058.000
1059.000
1060.000
1061.000
1062.000
1063.000
1064.000
1065.000
1066.000
1067.000
1068.000
1069.000
1070.000
1071.000
1198.000
1199.000
1200.000
1201.000
1202.000
1203.000
1204.000
1205.000
1206.000
1207.000
1208.000
1209.000
1210.000
1211.000
1212.000
1213.000
1214.000
1215.000
1216.000
1217.000
1218.000
1219.000
1220.000
1221.000
1222.000
1223.000
1224.000
1225.000
1226.000
1227.000
1228.000
1229.000
1230.000
1231.000
1232.000
1233.000
1234.000
1235.000
1236.000
1237.000
1238.000
1239.000
1240.000
1241.000
1242.000
1243.000
1244.000
1245.000
1246.000
1247.000
1248.000
1249.000
1250.000
1251.000
1252.000
1253.000
1254.000
1255.000
1256.000
1257.000
1258.000
1259.000
1260.000
1366.000
1367.000
1368.000
1369.000
1370.000
1371.000
1372.000
1373.000
1374.000
1375.000
1376.000
1377.000
1378.000
1379.000
1380.000
1381.000
1382.000
1383.000
1384.000
1385.000
1386.000
1387.000
1388.000
1389.000
1390.000
1391.000
1392.000
1393.000
1394.000
1395.000
1396.000
1397.000
1398.000
1399.000
1400.000
1401.000
1402.000
1403.000
1404.000
1405.000
1406.000
1407.000
1429.000
1430.000
1431.000
1432.000
1433.000
1434.000
1435.000
1436.000
1437.000
1438.000
1439.000
1440.000
1441.000
1442.000
1443.000
1444.000
1445.000
1446.000
1447.000
1448.000
1449.000
1450.000
1451.000
1452.000
1453.000
1454.000
1455.000
1456.000
1457.000
1458.000
1459.000
1460.000
1461.000
1462.000
1463.000
1464.000
1465.000
1466.000
1467.000
1468.000
1469.000
1470.000
1534.000
1535.000
1536.000
1537.000
1538.000
1539.000
1540.000
1541.000
1542.000
1543.000
1544.000
1545.000
1546.000
1547.000
1548.000
1549.000
1550.000
1551.000
1552.000
1553.000
1554.000
1555.000
1556.000
1557.000
1558.000
1559.000
1560.000
1561.000
1562.000
1563.000
1564.000
1565.000
1566.000
1567.000
1568.000
1569.000
1570.000
1571.000
1572.000
1573.000
1574.000
1575.000
1639.000
1640.000
1641.000
1642.000
1643.000
1644.000
1645.000
1646.000
1647.000
1648.000
1649.000
1650.000
1651.000
1652.000
1653.000
1654.000
1655.000
1656.000
1657.000
1658.000
1659.000
1660.000
1661.000
1662.000
1663.000
1664.000
1665.000
1666.000
1667.000
1668.000
1669.000
1670.000
1671.000
1672.000
1673.000
1674.000
1675.000
1676.000
1677.000
1678.000
1679.000
1680.000
1723.000
1724.000
1725.000
1726.000
1727.000
1728.000
1729.000
1730.000
1731.000
1732.000
1733.000
1734.000
1735.000
1736.000
1737.000
1738.000
1739.000
1740.000
1741.000
1742.000
1743.000
1807.000
1808.000
1809.000
1810.000
1811.000
1812.000
1813.000
1814.000
1815.000
1816.000
1817.000
1818.000
1819.000
1820.000
1821.000
1822.000
1823.000
1824.000
1825.000
1826.000
1827.000
1849.000
1850.000
1851.000
1852.000
1853.000
1854.000
1855.000
1856.000
1857.000
1858.000
1859.000
1860.000
1861.000
1862.000
1863.000
1864.000
1865.000
1866.000
1867.000
1868.000
1869.000
1996.000
1997.000
1998.000
1999.000
2000.000
2001.000
2002.000
2003.000
2004.000
2005.000
2006.000
2007.000
2008.000
2009.000
2010.000
2011.000
2012.000
2013.000
2014.000
2015.000
2016.000
2164.000
2165.000
2166.000
2167.000
2168.000
2169.000
2170.000
2171.000
2172.000
2173.000
2174.000
2175.000
2176.000
2177.000
2178.000
2179.000
2180.000
2181.000
2182.000
2183.000
2184.000
2206.000
2207.000
2208.000
2209.000
2210.000
2211.000
2212.000
2213.000
2214.000
2215.000
2216.000
2217.000
2218.000
2219.000
2220.000
2221.000
2222.000
2223.000
2224.000
2225.000
2226.000
2374.000
2375.000
2376.000
2377.000
2378.000
2379.000
2380.000
2381.000
2382.000
2383.000
2384.000
2385.000
2386.000
2387.000
2388.000
2389.000
2390.000
2391.000
2392.000
2393.000
2394.000
2416.000
2417.000
2418.000
2419.000
2420.000
2421.000
2422.000
2423.000
2424.000
2425.000
2426.000
2427.000
2428.000
2429.000
2430.000
2431.000
2432.000
2433.000
2434.000
2435.000
2436.000
2479.000
2480.000
2481.000
2482.000
2483.000
2484.000
2485.000
2486.000
2487.000
2488.000
2489.000
2490.000
2491.000
2492.000
2493.000
2494.000
2495.000
2496.000
2497.000
2498.000
2499.000
2500.000
