365.9298
375.5940
385.2625
394.9355
404.6129
414.2946
423.9808
433.6713
443.3662
453.0655
462.7692
472.4773
482.1898
491.9067
501.6279
511.3535
521.0836
530.8180
540.5568
550.3001
560.0477
569.7996
579.5560
589.3168
599.0819
608.8515
618.6254
628.4037
638.1865
647.9736
657.7651
667.5610
654.7923
664.5994
674.4013
684.1979
693.9894
703.7756
713.5566
723.3325
733.1031
742.8685
752.6287
762.3837
772.1335
781.8781
791.6174
801.3516
811.0805
820.8043
830.5228
840.2361
849.9442
859.6471
869.3448
879.0372
888.7245
898.4066
908.0834
917.7551
927.4215
937.0827
946.7387
956.3895
966.0351
975.6755
985.3106
994.9406
1004.5653
1014.1849
1023.7992
1033.4083
1043.0122
1052.6110
1062.2045
1071.7927
1081.3757
1090.9536
1100.5262
1110.0938
1119.6560
1129.2130
1138.7648
1148.3114
1157.8528
1167.3890
1176.9199
1186.4458
1195.9663
1205.4817
1214.9918
1224.4967
1233.9965
1243.4910
1252.9802
1262.4644
1252.7730
1262.7457
1272.7183
1282.6906
1292.6625
1302.6343
1312.6058
1372.4299
1382.3998
1392.3694
1402.3387
1412.3079
1422.2767
1432.2454
1442.2137
1452.1819
1462.1499
1472.1175
1482.0850
1492.0521
1502.0190
1511.9858
1521.9523
1531.9185
1541.8845
1551.8502
1561.8157
1571.7810
1581.7460
1591.7108
1601.6753
1611.6397
1621.6036
1631.5675
1641.5310
1651.4944
1661.4575
1671.4203
1681.3829
1691.3453
1701.3074
1711.2693
1721.2310
1731.1924
1741.1534
1751.1144
1761.0751
1771.0355
1896.1415
1906.1960
1916.2484
1926.2985
1936.3461
1946.3915
1956.4346
1966.4753
1976.5138
1986.5501
1996.5839
2006.6154
2016.6446
2026.6716
2036.6962
2046.7186
2056.7388
2066.7564
2076.7717
2086.7849
2096.7957
2106.8042
2116.8103
2126.8142
2136.8157
2146.8149
2156.8120
2166.8066
2176.7991
2186.7891
2196.7766
2206.7622
2216.7454
2226.7261
2236.7046
2246.6807
2256.6545
2266.6262
2276.5955
2286.5625
2296.5271
2306.4895
2316.4495
2326.4072
2336.3625
2346.3157
2356.2666
2366.2151
2376.1611
2386.1052
2396.0466
2405.9861
2415.9231
2425.8577
2435.7900
2445.7200
