413.000
436.000
473.000
492.000
538.000
594.000
620.000
637.000
675.000
699.000
764.000
789.000
816.000
843.000
859.000
883.000
907.000
929.000
954.000
978.000
995.000
1025.000
1045.000
1068.000
1083.000
1106.000
1141.000
1156.000
1174.000
1193.000
1211.000
1227.000
1250.000
1279.000
1301.000
1327.000
1350.000
1372.000
1402.000
1426.000
1445.000
1467.000
1488.000
1505.000
1523.000
1538.000
1569.000
1588.000
1603.000
1620.000
1636.000
1654.000
1674.000
1692.000
1722.000
1739.000
1759.000
1775.000
1804.000
1827.000
1845.000
1863.000
1895.000
1914.000
1930.000
1951.000
1979.000
2011.000
2035.000
2057.000
2081.000
2108.000
2133.000
2153.000
2175.000
2197.000
2223.000
2248.000
2266.000
2281.000
2305.000
2330.000
2349.000
2378.000
2393.000
2416.000
2446.000
2461.000
2482.000
2499.000
