468.000
471.000
475.000
479.000
528.000
529.000
535.000
551.000
557.000
559.000
562.000
633.000
637.000
638.000
675.000
684.000
686.000
688.000
1006.000
1059.000
1069.000
1199.000
1200.000
1204.000
1216.000
1226.000
1228.000
1249.000
1254.000
1260.000
1386.000
1403.000
1406.000
1429.000
1430.000
1435.000
1438.000
1448.000
1535.000
1565.000
1575.000
1642.000
1643.000
1656.000
1673.000
1680.000
1732.000
1742.000
1818.000
1821.000
1854.000
1865.000
1867.000
1997.000
2000.000
2010.000
2168.000
2181.000
2183.000
2210.000
2419.000
2422.000
2485.000
2488.000
